6.dta
This file includes 1559 packets.

  TIME     BUTTONS    ORIENTATION      X      Y   PRESSURE
 1055438     0           0    -900    1243  12921      0
 1055448     0        2560    -860    1243  12921      0
 1055458     0        2400    -820    1243  12921      0
 1055468     0        2390    -780    1243  12943      0
 1055478     0        2300    -750    1232  12979      0
 1055488     0        2200    -750    1232  13012      0
 1055498     0        2060    -740    1232  13040      0
 1055508     0        1960    -720    1214  13065      0
 1055518     0        1860    -710    1193  13091      0
 1055528     0        1800    -680    1175  13123      0
 1055538     0        1730    -660    1156  13147      0
 1055548     0        1700    -640    1138  13160      0
 1055558     0        1660    -600    1117  13165      0
 1055568     0        1640    -580    1100  13177      0
 1055578     0        1600    -560    1084  13185      0
 1055588     0        1580    -550    1076  13191      0
 1055598     0        1530    -540    1071  13191      0
 1055608     0        1510    -530    1065  13191      0
 1055618     0        1480    -530    1059  13182      0
 1055628     0        1460    -520    1059  13135      0
 1055638     0        1440    -510    1059  13064      0
22530500     1        1440    -510    1059  13064    209
 1055673     1        1440    -510     984  13030    242
 1055683     1        1440    -510     931  13093    270
 1055693     1        1440    -510     910  13087    284
 1055703     1        1440    -510     910  13087    281
 1055713     1        1440    -510     957  13093    287
 1055723     1        1470    -490    1066  13123    291
 1055733     1        1500    -470    1216  13180    294
 1055743     1        1530    -450    1329  13256    301
 1055753     1        1550    -420    1478  13305    301
 1055763     1        1540    -430    1650  13331    302
 1055773     1        1540    -430    1763  13341    307
 1055783     1        1540    -430    1842  13334    312
 1055793     1        1530    -440    1899  13322    311
 1055803     1        1530    -440    1935  13303    316
 1055813     1        1530    -450    1957  13281    316
 1055823     1        1530    -450    1969  13258    304
 1055833     1        1520    -450    1975  13237    317
 1055843     1        1520    -450    1975  13228    307
 1055853     1        1510    -460    1967  13228    309
 1055863     1        1510    -460    1949  13222    307
 1055873     1        1500    -470    1921  13222    310
 1055883     1        1500    -470    1885  13222    312
 1055893     1        1500    -470    1854  13209    312
 1055903     1        1500    -470    1826  13191    312
 1055913     1        1500    -470    1805  13145    312
 1055923     1        1500    -470    1788  13081    310
 1055933     1        1500    -470    1773  12977    315
 1055943     1        1500    -470    1759  12820    314
 1055953     1        1490    -480    1741  12628    314
 1055963     1        1490    -480    1719  12410    319
 1055973     1        1490    -480    1700  12195    322
 1055983     1        1480    -480    1683  11982    324
 1055993     1        1480    -480    1671  11779    324
 1056003     1        1480    -480    1671  11582    325
 1056013     1        1470    -490    1671  11390    330
 1056023     1        1460    -500    1689  11231    332
 1056033     1        1460    -500    1695  11065    241
 1056043     1        1450    -510    1695  10895     98
 1056053     0        1440    -510    1695  10895      0
 1056063     0        1440    -510    1620  10672      0
 1056073     0        1430    -520    1544  10603      0
22530906     1        1430    -520    1544  10603     99
 1056079     1        1420    -530    1544  10603    205
 1056089     1        1410    -530    1391  10540    277
 1056099     1        1410    -530    1391  10545    289
 1056109     1        1400    -540    1391  10545    304
 1056119     1        1400    -540    1418  10545    314
 1056129     1        1400    -540    1467  10545    332
 1056139     1        1400    -550    1547  10553    369
 1056149     1        1400    -550    1642  10567    399
 1056159     1        1400    -550    1748  10592    415
 1056169     1        1400    -550    1863  10628    427
 1056179     1        1400    -550    2005  10671    435
 1056189     1        1400    -550    2165  10719    440
 1056199     1        1400    -550    2332  10774    291
 1056209     1        1410    -560    2502  10835      1
 1056219     0        1410    -560    2502  10835      0
 1056229     0        1410    -560    2860  10980      0
 1056239     0        1410    -560    2994  11067      0
 1056249     0        1430    -550    3134  11139      0
 1056259     0        1430    -550    3279  11258      0
 1056269     0        1430    -550    3404  11408      0
 1056279     0        1430    -550    3560  11574      0
 1056289     0        1430    -550    3736  11736      0
 1056299     0        1440    -560    3928  11895      0
 1056309     0        1440    -560    4120  12054      0
 1056319     0        1460    -550    4274  12172      0
 1056329     0        1490    -550    4401  12287      0
 1056339     0        1500    -540    4529  12372      0
 1056349     0        1520    -540    4632  12438      0
 1056359     0        1530    -540    4718  12484      0
 1056369     0        1540    -530    4773  12523      0
 1056379     0        1540    -530    4809  12557      0
 1056389     0        1540    -530    4831  12593      0
 1056399     0        1540    -530    4803  12627      0
 1056409     0        1560    -530    4775  12693      0
 1056419     0        1590    -510    4741  12782      0
 1056429     0        1610    -500    4703  12865      0
 1056439     0        1630    -490    4680  12928      0
 1056449     0        1650    -490    4659  12979      0
 1056459     0        1650    -490    4642  13036      0
 1056469     0        1650    -490    4632  13066      0
22531312     1        1650    -490    4632  13066     67
 1056485     1        1650    -490    4604  13227    101
 1056495     1        1630    -500    4581  13301    127
 1056505     1        1630    -500    4564  13325    137
 1056515     1        1610    -500    4552  13350    170
 1056525     1        1600    -500    4546  13371    180
 1056535     1        1590    -510    4541  13378    186
 1056545     1        1580    -510    4541  13378    195
 1056555     1        1570    -510    4541  13355    203
 1056565     1        1570    -510    4550  13262    213
 1056575     1        1570    -510    4557  13122    212
 1056585     1        1550    -500    4545  12910    235
 1056595     1        1550    -510    4522  12642    255
 1056605     1        1550    -510    4501  12336    292
 1056615     1        1550    -510    4446  12054    319
 1056625     1        1530    -520    4367  11794    346
 1056635     1        1530    -520    4308  11548    362
 1056645     1        1530    -520    4254  11366    379
 1056655     1        1520    -530    4208  11219    391
 1056665     1        1520    -530    4178  11095    398
 1056675     1        1510    -530    4158  10992    391
 1056685     1        1500    -540    4158  10925    396
 1056695     1        1480    -540    4158  10882    399
 1056705     1        1470    -550    4158  10872    405
 1056715     1        1460    -550    4158  10872    415
 1056725     1        1460    -550    4158  10872    422
 1056735     1        1450    -560    4158  10872    420
 1056745     1        1450    -560    4143  10899    431
 1056755     1        1430    -560    4129  10942    438
 1056765     1        1430    -560    4119  10992    441
 1056775     1        1420    -570    4119  11066    446
 1056785     1        1420    -570    4129  11156    448
 1056795     1        1400    -560    4153  11255    449
 1056805     1        1400    -560    4197  11365    439
 1056815     1        1400    -560    4257  11482    439
 1056825     1        1400    -560    4327  11605    442
 1056835     1        1400    -560    4395  11716    440
 1056845     1        1410    -560    4465  11786    445
 1056855     1        1410    -560    4537  11834    445
 1056865     1        1410    -560    4610  11854    445
 1056875     1        1410    -560    4684  11847    447
 1056885     1        1440    -560    4757  11823    447
 1056895     1        1440    -560    4807  11783    447
 1056905     1        1440    -560    4842  11740    447
 1056915     1        1440    -560    4861  11690    445
 1056925     1        1450    -550    4861  11632    445
 1056935     1        1450    -550    4837  11553    447
 1056945     1        1450    -550    4797  11462    445
 1056955     1        1460    -550    4733  11377    448
 1056965     1        1460    -550    4653  11294    448
 1056975     1        1460    -550    4579  11220    450
 1056985     1        1460    -550    4510  11152    452
 1056995     1        1460    -550    4467  11094    453
 1057005     1        1450    -550    4441  11053    452
 1057015     1        1440    -560    4433  11024    452
 1057025     1        1440    -560    4428  11014    455
 1057035     1        1440    -560    4428  11014    463
 1057045     1        1430    -560    4428  11019    466
 1057055     1        1430    -560    4445  11019    471
 1057065     1        1430    -560    4470  11019    473
 1057075     1        1430    -560    4521  11031    474
 1057085     1        1410    -560    4589  11050    467
 1057095     1        1410    -560    4683  11102    465
 1057105     1        1410    -560    4794  11175    470
 1057115     1        1400    -560    4916  11261    472
 1057125     1        1400    -560    5042  11366    475
 1057135     1        1400    -560    5169  11480    473
 1057145     1        1400    -560    5273  11601    477
 1057155     1        1400    -560    5361  11693    477
 1057165     1        1410    -560    5413  11753    481
 1057175     1        1430    -560    5434  11793    481
 1057185     1        1430    -560    5434  11788    485
 1057195     1        1430    -560    5418  11788    485
 1057205     1        1430    -560    5378  11795    485
 1057215     1        1450    -560    5322  11778    486
 1057225     1        1450    -560    5269  11732    486
 1057235     1        1450    -560    5235  11668    486
 1057245     1        1460    -550    5213  11562    488
 1057255     1        1480    -560    5213  11453    493
 1057265     1        1480    -560    5243  11379    496
 1057275     1        1480    -560    5294  11330    489
 1057285     1        1480    -560    5371  11300    491
 1057295     1        1480    -560    5463  11300    497
 1057305     1        1480    -560    5564  11312    499
 1057315     1        1470    -560    5677  11355    501
 1057325     1        1470    -560    5792  11424    499
 1057335     1        1470    -560    5907  11511    504
 1057345     1        1470    -560    5997  11630    509
 1057355     1        1470    -560    6074  11748    507
 1057365     1        1470    -560    6141  11886    507
 1057375     1        1470    -560    6203  12037    509
 1057385     1        1470    -560    6255  12203    507
 1057395     1        1480    -570    6299  12328    509
 1057405     1        1480    -570    6335  12425    507
 1057415     1        1480    -570    6349  12454    502
 1057425     1        1490    -560    6349  12454    504
 1057435     1        1490    -560    6336  12437    504
 1057445     1        1490    -560    6304  12356    504
 1057455     1        1520    -560    6257  12187    507
 1057465     1        1520    -560    6212  11960    507
 1057475     1        1520    -560    6185  11706    507
 1057485     1        1530    -550    6169  11449    512
 1057495     1        1530    -550    6190  11267    520
 1057505     1        1530    -550    6240  11136    512
 1057515     1        1520    -560    6309  11062    519
 1057525     1        1520    -560    6388  11022    524
 1057535     1        1520    -560    6466  11004    527
 1057545     1        1510    -560    6542  11024    524
 1057555     1        1510    -560    6614  11077    447
 1057565     1        1500    -570    6666  11153    256
 1057575     1        1500    -570    6705  11270     60
 1057585     1        1500    -570    6719  11439      1
 1057595     0        1490    -580    6719  11439      0
 1057605     0        1490    -580    6719  11857      0
22532453     1        1500    -580    6719  11857     34
 1057626     1        1500    -580    6732  12277    117
 1057636     1        1500    -580    6749  12445    207
 1057646     1        1500    -580    6770  12585    262
 1057656     1        1500    -580    6788  12657    294
 1057666     1        1510    -580    6795  12688    320
 1057676     1        1510    -580    6795  12688    336
 1057686     1        1520    -570    6795  12688    356
 1057696     1        1530    -560    6795  12688    368
 1057706     1        1530    -560    6795  12688    364
 1057716     1        1540    -550    6795  12683    384
 1057726     1        1540    -550    6810  12678    391
 1057736     1        1550    -540    6830  12655    405
 1057746     1        1550    -540    6857  12634    417
 1057756     1        1550    -540    6884  12615    414
 1057766     1        1560    -530    6913  12597    415
 1057776     1        1560    -530    6938  12582    418
 1057786     1        1560    -530    6962  12569    423
 1057796     1        1560    -530    6985  12549    428
 1057806     1        1560    -530    7021  12525    428
 1057816     1        1560    -530    7058  12491    336
 1057826     1        1560    -530    7091  12458    180
 1057836     1        1560    -530    7122  12427      5
 1057846     0        1560    -530    7122  12427      0
 1057856     0        1560    -530    7137  12382      0
 1057866     0        1560    -530    7137  12355      0
 1057876     0        1560    -530    7090  12333      0
 1057886     0        1560    -530    7026  12297      0
 1057896     0        1560    -530    6948  12253      0
 1057906     0        1540    -530    6856  12260      0
 1057916     0        1540    -530    6793  12236      0
 1057926     0        1550    -520    6749  12191      0
 1057936     0        1550    -520    6734  12136      0
22532765     1        1550    -520    6734  12136    391
 1057938     1        1540    -520    6734  12136    425
 1057948     1        1540    -520    6646  12191    441
 1057958     1        1540    -520    6641  12197    445
 1057968     1        1540    -520    6649  12197    452
 1057978     1        1540    -520    6691  12204    456
 1057988     1        1540    -520    6737  12204    456
 1057998     1        1530    -530    6790  12169    461
 1058008     1        1530    -530    6837  12109    463
 1058018     1        1530    -530    6879  11987    465
 1058028     1        1540    -530    6904  11843    466
 1058038     1        1530    -540    6916  11684    466
 1058048     1        1530    -540    6916  11512    471
 1058058     1        1530    -540    6916  11400    464
 1058068     1        1530    -550    6921  11328    465
 1058078     1        1530    -550    6928  11300    481
 1058088     1        1520    -560    6943  11287    492
 1058098     1        1520    -560    6967  11287    522
 1058108     1        1520    -560    7001  11287    540
 1058118     1        1510    -560    7062  11320    556
 1058128     1        1510    -560    7140  11370    568
 1058138     1        1500    -570    7222  11455    566
 1058148     1        1500    -570    7324  11565    572
 1058158     1        1500    -570    7430  11691    574
 1058168     1        1500    -570    7531  11826    580
 1058178     1        1500    -570    7628  11975    581
 1058188     1        1500    -570    7697  12134    583
 1058198     1        1500    -570    7747  12251    586
 1058208     1        1510    -580    7753  12305    591
 1058218     1        1520    -570    7720  12318    591
 1058228     1        1520    -570    7662  12307    589
 1058238     1        1530    -560    7561  12237    594
 1058248     1        1530    -560    7454  12128    594
 1058258     1        1530    -560    7344  11973    592
 1058268     1        1540    -550    7273  11813    595
 1058278     1        1540    -550    7255  11695    588
 1058288     1        1550    -550    7273  11607    595
 1058298     1        1550    -550    7350  11553    599
 1058308     1        1550    -550    7453  11533    603
 1058318     1        1550    -550    7572  11533    603
 1058328     1        1550    -550    7686  11574    605
 1058338     1        1550    -550    7803  11632    605
 1058348     1        1570    -560    7896  11704    605
 1058358     1        1570    -560    7972  11780    600
 1058368     1        1570    -560    8023  11886    568
 1058378     1        1570    -560    8042  12013    536
 1058388     1        1570    -560    8042  12169    541
 1058398     1        1570    -560    8042  12293    537
 1058408     1        1570    -560    8042  12396    538
 1058418     1        1570    -560    8053  12452    537
 1058428     1        1570    -560    8061  12479    537
 1058438     1        1580    -560    8069  12487    538
 1058448     1        1580    -560    8069  12487    533
 1058458     1        1580    -560    8069  12470    535
 1058468     1        1590    -550    8080  12452    533
 1058478     1        1590    -550    8088  12376    533
 1058488     1        1590    -550    8094  12250    538
 1058498     1        1600    -540    8094  12090    538
 1058508     1        1600    -540    8100  11914    537
 1058518     1        1600    -540    8107  11762    537
 1058528     1        1600    -540    8117  11627    541
 1058538     1        1610    -550    8127  11579    561
 1058548     1        1610    -550    8132  11567    620
 1058558     1        1610    -550    8143  11580    656
 1058568     1        1610    -550    8158  11608    675
 1058578     1        1630    -550    8203  11699    684
 1058588     1        1620    -560    8274  11832    690
 1058598     1        1620    -560    8362  11995    693
 1058608     1        1620    -560    8464  12168    697
 1058618     1        1620    -560    8565  12348    700
 1058628     1        1630    -560    8666  12505    700
 1058638     1        1630    -560    8760  12636    700
 1058648     1        1630    -560    8838  12751    691
 1058658     1        1650    -560    8905  12813    700
 1058668     1        1650    -550    8936  12833    644
 1058678     1        1650    -550    8936  12824    586
 1058688     1        1650    -550    8926  12770    545
 1058698     1        1650    -550    8891  12639    512
 1058708     1        1660    -540    8838  12457    512
 1058718     1        1660    -540    8772  12249    504
 1058728     1        1660    -540    8728  12053    501
 1058738     1        1660    -540    8715  11864    496
 1058748     1        1660    -540    8723  11780    497
 1058758     1        1660    -540    8756  11742    512
 1058768     1        1660    -540    8809  11736    539
 1058778     1        1660    -540    8874  11736    566
 1058788     1        1670    -540    8943  11754    589
 1058798     1        1670    -540    9021  11784    605
 1058808     1        1670    -550    9104  11851    619
 1058818     1        1670    -550    9213  11942    619
 1058828     1        1670    -550    9326  12048    627
 1058838     1        1680    -550    9444  12182    625
 1058848     1        1680    -560    9529  12316    628
 1058858     1        1680    -560    9592  12449    628
 1058868     1        1690    -570    9592  12581    625
 1058878     1        1690    -570    9543  12644    627
 1058888     1        1690    -570    9451  12623    627
 1058898     1        1690    -570    9296  12545    627
 1058908     1        1690    -570    9139  12409    627
 1058918     1        1700    -560    8980  12231    628
 1058928     1        1700    -560    8877  12026    630
 1058938     1        1700    -560    8842  11858    634
 1058948     1        1700    -560    8853  11740    638
 1058958     1        1700    -560    8922  11656    644
 1058968     1        1700    -560    9040  11585    636
 1058978     1        1700    -560    9191  11560    638
 1058988     1        1690    -570    9396  11566    638
 1058998     1        1690    -570    9617  11617    645
 1059008     1        1680    -560    9848  11689    570
 1059018     1        1680    -560   10082  11774    371
 1059028     1        1680    -560   10284  11838     50
 1059038     0        1670    -570   10284  11838      0
 1059048     0        1670    -570   10648  11994      0
 1059058     0        1670    -570   10786  12090      0
 1059068     0        1670    -570   10893  12190      0
 1059078     0        1690    -580   10992  12292      0
 1059088     0        1700    -580   11094  12381      0
 1059098     0        1720    -580   11199  12524      0
 1059108     0        1740    -580   11303  12704      0
 1059118     0        1740    -580   11376  12865      0
 1059128     0        1740    -580   11429  12974      0
 1059138     0        1740    -580   11460  13048      0
 1059148     0        1740    -580   11467  13084      0
 1059158     0        1740    -570   11457  13062      0
 1059168     0        1740    -570   11434  13002      0
22534015     1        1740    -570   11434  13002    471
 1059188     1        1740    -570   11389  12950    545
 1059198     1        1740    -560   11363  12994    581
 1059208     1        1740    -560   11363  13057    595
 1059218     1        1740    -550   11424  13070    592
 1059228     1        1740    -550   11518  13051    599
 1059238     1        1730    -540   11691  13051    600
 1059248     1        1730    -540   11865  13057    602
 1059258     1        1750    -540   12010  13068    605
 1059268     1        1750    -540   12135  13076    609
 1059278     1        1750    -540   12180  13076    605
 1059288     1        1760    -540   12192  13076    583
 1059298     1        1760    -540   12181  13076    520
 1059308     1        1760    -540   12143  13085    447
 1059318     1        1760    -550   12098  13085    431
 1059328     1        1770    -550   12048  13085    418
 1059338     1        1770    -550   12027  13085    414
 1059348     1        1770    -550   12011  13085    422
 1059358     1        1790    -550   12002  13078    422
 1059368     1        1790    -550   11992  13066    422
 1059378     1        1790    -550   11973  13028    418
 1059388     1        1790    -550   11948  12974    418
 1059398     1        1790    -550   11916  12888    420
 1059408     1        1790    -550   11879  12766    418
 1059418     1        1790    -550   11838  12620    448
 1059428     1        1790    -550   11801  12446    460
 1059438     1        1790    -550   11767  12293    464
 1059448     1        1790    -550   11739  12154    472
 1059458     1        1770    -550   11717  12018    475
 1059468     1        1770    -560   11698  11889    478
 1059478     1        1770    -560   11679  11765    481
 1059488     1        1770    -560   11646  11645    483
 1059498     1        1770    -570   11604  11546    470
 1059508     1        1770    -570   11558  11460    446
 1059518     1        1770    -580   11513  11421    423
 1059528     1        1750    -580   11471  11396    420
 1059538     1        1750    -590   11432  11380    420
 1059548     1        1750    -590   11423  11380    443
 1059558     1        1730    -600   11417  11380    471
 1059568     1        1730    -610   11417  11380    493
 1059578     1        1730    -610   11422  11374    541
 1059588     1        1710    -620   11449  11365    595
 1059598     1        1710    -620   11492  11343    645
 1059608     1        1700    -630   11579  11315    667
 1059618     1        1700    -630   11708  11305    688
 1059628     1        1700    -630   11864  11320    694
 1059638     1        1700    -640   12078  11353    700
 1059648     1        1720    -640   12277  11392    685
 1059658     1        1720    -640   12465  11436    572
 1059668     1        1720    -640   12615  11484    366
 1059678     1        1740    -640   12727  11539     91
 1059688     0        1740    -640   12727  11539      0
 1059698     0        1740    -640   12908  11701      0
 1059708     0        1740    -640   13004  11777      0
 1059718     0        1760    -640   13112  11893      0
 1059728     0        1760    -630   13278  12036      0
 1059738     0        1780    -630   13478  12158      0
 1059748     0        1780    -620   13687  12315      0
 1059758     0        1780    -620   13857  12416      0
 1059768     0        1780    -610   14002  12468      0
 1059778     0        1780    -600   14151  12505      0
 1059788     0        1780    -580   14285  12537      0
 1059798     0        1780    -570   14410  12561      0
 1059808     0        1790    -560   14537  12586      0
 1059818     0        1790    -550   14665  12612      0
 1059828     0        1790    -540   14773  12645      0
22534671     1        1790    -540   14773  12645    144
 1059844     1        1790    -530   14903  12698    281
 1059854     1        1790    -520   14946  12784    327
 1059864     1        1790    -510   14994  12918    344
 1059874     1        1790    -510   15003  12964    359
 1059884     1        1790    -500   15003  12984    373
 1059894     1        1790    -500   15003  12984    366
 1059904     1        1780    -500   14975  12976    374
 1059914     1        1780    -500   14900  12906    386
 1059924     1        1790    -510   14792  12796    398
 1059934     1        1790    -510   14649  12599    415
 1059944     1        1790    -520   14507  12402    435
 1059954     1        1790    -530   14408  12205    440
 1059964     1        1790    -530   14336  12058    460
 1059974     1        1790    -540   14326  11943    464
 1059984     1        1790    -540   14360  11871    478
 1059994     1        1790    -550   14423  11822    490
 1060004     1        1790    -550   14527  11789    496
 1060014     1        1790    -560   14670  11789    493
 1060024     1        1770    -560   14840  11826    442
 1060034     1        1770    -570   15023  11885    382
 1060044     1        1770    -570   15209  11956    351
 1060054     1        1770    -570   15368  12032    336
 1060064     1        1770    -570   15508  12112    340
 1060074     1        1770    -580   15635  12203    337
 1060084     1        1770    -580   15734  12291    337
 1060094     1        1770    -580   15815  12370    342
 1060104     1        1770    -580   15864  12441    346
 1060114     1        1770    -580   15896  12504    361
 1060124     1        1780    -580   15916  12563    388
 1060134     1        1780    -580   15916  12615    422
 1060144     1        1780    -580   15910  12661    440
 1060154     1        1800    -580   15894  12699    439
 1060164     1        1800    -570   15866  12728    445
 1060174     1        1800    -570   15818  12754    450
 1060184     1        1800    -560   15756  12762    453
 1060194     1        1800    -560   15679  12757    461
 1060204     1        1810    -560   15597  12722    463
 1060214     1        1810    -550   15511  12639    466
 1060224     1        1810    -550   15419  12524    471
 1060234     1        1810    -550   15333  12393    474
 1060244     1        1810    -550   15263  12248    465
 1060254     1        1810    -550   15201  12093    470
 1060264     1        1800    -540   15179  11997    481
 1060274     1        1800    -540   15179  11947    495
 1060284     1        1800    -550   15200  11928    492
 1060294     1        1800    -550   15219  11923    501
 1060304     1        1800    -550   15243  11933    509
 1060314     1        1800    -550   15297  11954    514
 1060324     1        1790    -560   15369  12024    514
 1060334     1        1790    -560   15468  12146    514
 1060344     1        1790    -560   15580  12304    512
 1060354     1        1770    -570   15701  12450    517
 1060364     1        1770    -570   15789  12529    515
 1060374     1        1770    -570   15830  12563    522
 1060384     1        1770    -570   15839  12549    522
 1060394     1        1770    -570   15864  12490    512
 1060404     1        1770    -570   15888  12401    515
 1060414     1        1770    -580   15912  12287    515
 1060424     1        1770    -580   15928  12170    515
 1060434     1        1770    -580   15944  12054    519
 1060444     1        1780    -580   15962  11940    519
 1060454     1        1780    -580   15980  11840    492
 1060464     1        1780    -580   15993  11783    335
 1060474     1        1780    -580   16002  11756    141
 1060484     0        1800    -580   16002  11756      0
 1060494     0        1800    -580   16055  11806      0
 1060504     0        1800    -580   16093  11884      0
 1060514     0        1800    -580   16130  12016      0
 1060524     0        1800    -580   16187  12146      0
 1060534     0        1800    -580   16257  12275      0
 1060544     0        1800    -580   16321  12358      0
 1060554     0        1780    -570   16376  12459      0
 1060564     0        1790    -560   16424  12572      0
 1060574     0        1790    -560   16449  12634      0
22535406     1        1790    -560   16449  12634    251
 1060579     1        1790    -550   16449  12634    337
 1060589     1        1770    -550   16423  12747    393
 1060599     1        1770    -550   16423  12799    415
 1060609     1        1770    -540   16423  12840    435
 1060619     1        1770    -540   16423  12840    448
 1060629     1        1770    -530   16423  12840    449
 1060639     1        1770    -530   16423  12840    442
 1060649     1        1770    -530   16423  12840    450
 1060659     1        1770    -520   16423  12800    455
 1060669     1        1770    -520   16423  12737    461
 1060679     1        1770    -520   16418  12616    465
 1060689     1        1790    -530   16410  12477    473
 1060699     1        1790    -530   16378  12326    474
 1060709     1        1790    -530   16328  12181    465
 1060719     1        1790    -540   16267  12044    470
 1060729     1        1790    -540   16208  11958    483
 1060739     1        1790    -540   16169  11903    488
 1060749     1        1790    -550   16142  11889    520
 1060759     1        1790    -550   16142  11889    556
 1060769     1        1790    -550   16137  11889    570
 1060779     1        1790    -560   16137  11942    564
 1060789     1        1790    -560   16170  12052    569
 1060799     1        1790    -560   16220  12201    570
 1060809     1        1780    -570   16299  12362    570
 1060819     1        1780    -570   16384  12509    575
 1060829     1        1780    -570   16472  12582    578
 1060839     1        1780    -570   16520  12610    580
 1060849     1        1780    -570   16572  12574    583
 1060859     1        1780    -570   16630  12495    584
 1060869     1        1780    -570   16685  12388    589
 1060879     1        1800    -570   16720  12269    591
 1060889     1        1800    -570   16742  12149    589
 1060899     1        1800    -580   16758  12027    594
 1060909     1        1800    -580   16766  11934    592
 1060919     1        1800    -580   16766  11859    594
 1060929     1        1800    -580   16766  11838    586
 1060939     1        1800    -580   16766  11838    509
 1060949     1        1800    -580   16771  11850    319
 1060959     1        1800    -580   16784  11898     61
 1060969     0        1800    -580   16784  11898      0
 1060979     0        1800    -580   16936  12114      0
 1060989     0        1800    -580   17054  12247      0
 1060999     0        1800    -570   17191  12401      0
 1061009     0        1800    -570   17341  12568      0
 1061019     0        1800    -570   17485  12699      0
 1061029     0        1820    -570   17631  12830      0
 1061039     0        1820    -570   17768  12921      0
 1061049     0        1830    -570   17898  12986      0
 1061059     0        1830    -560   17989  13025      0
 1061069     0        1840    -560   18060  13046      0
 1061079     0        1860    -550   18117  13056      0
 1061089     0        1870    -550   18153  13049      0
 1061099     0        1880    -540   18166  13037      0
 1061109     0        1880    -540   18166  13013      0
 1061119     0        1900    -540   18128  12978      0
 1061129     0        1890    -530   18069  12933      0
 1061139     0        1910    -530   17993  12878      0
 1061149     0        1910    -530   17908  12808      0
 1061159     0        1910    -530   17802  12729      0
 1061169     0        1920    -520   17682  12628      0
 1061179     0        1920    -520   17533  12525      0
 1061189     0        1920    -520   17378  12422      0
 1061199     0        1920    -520   17173  12339      0
 1061209     0        1920    -520   16935  12254      0
 1061219     0        1920    -530   16676  12142      0
 1061229     0        1910    -530   16382  12012      0
 1061239     0        1900    -540   16065  11990      0
 1061249     0        1880    -540   15789  11915      0
 1061259     0        1880    -540   15467  11804      0
 1061269     0        1870    -540   15113  11753      0
 1061279     0        1870    -540   14759  11699      0
 1061289     0        1870    -540   14386  11639      0
 1061299     0        1850    -540   13945  11575      0
 1061309     0        1850    -540   13464  11509      0
 1061319     0        1850    -540   12428  11396      0
 1061329     0        1850    -540   11752  11250      0
 1061339     0        1850    -540   11317  11025      0
 1061349     0        1850    -540   11317  10908      0
 1061359     0        1850    -540   10904  10864      0
 1061369     0        1850    -540   10904  10864      0
 1061626     0           0    -900    2216   9589      0
 1061636     0        1350    -890    2216   9589      0
 1061646     0        1350    -860    2216   9589      0
 1061656     0        1350    -820    2152   9634      0
 1061666     0        1320    -780    2046   9708      0
 1061676     0        1320    -750    1937   9758      0
 1061686     0        1300    -730    1823   9803      0
 1061696     0        1310    -710    1706   9830      0
 1061706     0        1310    -680    1605   9847      0
 1061716     0        1300    -660    1535   9847      0
 1061726     0        1290    -640    1486   9832      0
 1061736     0        1290    -630    1445   9803      0
 1061746     0        1270    -620    1398   9767      0
 1061756     0        1250    -600    1372   9747      0
 1061766     0        1240    -600    1362   9738      0
 1061776     0        1210    -580    1341   9743      0
 1061786     0        1200    -570    1323   9756      0
 1061796     0        1180    -560    1316   9774      0
 1061806     0        1170    -550    1316   9810      0
 1061816     0        1170    -550    1331   9853      0
22536656     1        1170    -550    1331   9853    211
 1061829     1        1170    -550    1322   9935    249
 1061839     1        1180    -560    1259  10011    292
 1061849     1        1250    -550    1223  10114    306
 1061859     1        1300    -530    1201  10089    304
 1061869     1        1360    -510    1187   9978    310
 1061879     1        1390    -480    1137   9810    314
 1061889     1        1390    -480    1137   9535    320
 1061899     1        1380    -490    1164   9212    322
 1061909     1        1380    -490    1195   8856    327
 1061919     1        1370    -480    1225   8471    332
 1061929     1        1360    -490    1253   8120    335
 1061939     1        1360    -490    1271   7793    339
 1061949     1        1350    -500    1276   7498    342
 1061959     1        1340    -500    1276   7264    342
 1061969     1        1330    -510    1269   7071    269
 1061979     1        1320    -510    1258   6936     78
 1061989     0        1300    -520    1258   6936      0
 1061999     0        1290    -520    1193   6823      0
 1062009     0        1280    -530    1108   6853      0
 1062019     0        1270    -530     999   6961      0
 1062029     0        1270    -530     870   7121      0
 1062039     0        1250    -540     741   7277      0
22536890     1        1240    -540     741   7277    228
 1062063     1        1230    -550     620   7677    301
 1062073     1        1230    -550     626   7932    342
 1062083     1        1230    -550     676   8129    344
 1062093     1        1230    -550     756   8288    351
 1062103     1        1230    -550     872   8389    354
 1062113     1        1230    -550    1005   8485    363
 1062123     1        1230    -550    1150   8571    368
 1062133     1        1240    -540    1305   8654    310
 1062143     1        1260    -540    1457   8739    107
 1062153     0        1280    -540    1457   8739      0
 1062163     0        1280    -540    1751   8881      0
 1062173     0        1300    -540    1843   8995      0
 1062183     0        1310    -540    1900   9148      0
 1062193     0        1330    -540    1975   9289      0
 1062203     0        1340    -540    2030   9447      0
 1062213     0        1350    -530    2071   9616      0
22537062     1        1360    -540    2071   9616    115
 1062235     1        1370    -530    2167   9856    149
 1062245     1        1400    -530    2200   9939    168
 1062255     1        1400    -530    2214   9934    175
 1062265     1        1420    -530    2238   9842    184
 1062275     1        1420    -530    2251   9693    187
 1062285     1        1450    -530    2256   9442    175
 1062295     1        1450    -530    2256   9169    190
 1062305     1        1460    -530    2247   8882    213
 1062315     1        1460    -530    2236   8619    226
 1062325     1        1460    -530    2236   8435    247
 1062335     1        1450    -540    2254   8304    255
 1062345     1        1450    -540    2279   8278    274
 1062355     1        1450    -540    2326   8290    285
 1062365     1        1440    -540    2404   8328    274
 1062375     1        1440    -540    2502   8448    277
 1062385     1        1440    -540    2593   8614    276
 1062395     1        1440    -560    2684   8812    279
 1062405     1        1440    -560    2750   8983    289
 1062415     1        1430    -560    2799   9040    291
 1062425     1        1430    -560    2841   9021    296
 1062435     1        1430    -560    2884   8919    302
 1062445     1        1430    -560    2928   8778    306
 1062455     1        1430    -560    2969   8612    316
 1062465     1        1420    -570    3009   8459    310
 1062475     1        1420    -570    3044   8366    327
 1062485     1        1420    -570    3063   8313    348
 1062495     1        1420    -570    3072   8313    389
 1062505     1        1430    -570    3081   8331    427
 1062515     1        1430    -570    3105   8365    440
 1062525     1        1430    -570    3138   8478    448
 1062535     1        1430    -570    3178   8646    449
 1062545     1        1440    -570    3221   8851    440
 1062555     1        1440    -570    3269   9105    447
 1062565     1        1440    -570    3317   9371    447
 1062575     1        1440    -570    3365   9644    450
 1062585     1        1440    -570    3406   9875    452
 1062595     1        1440    -570    3441  10065    455
 1062605     1        1440    -570    3467  10227    463
 1062615     1        1450    -560    3475  10301    471
 1062625     1        1450    -560    3475  10322    464
 1062635     1        1480    -560    3469  10307    474
 1062645     1        1480    -560    3501  10247    465
 1062655     1        1490    -550    3557  10065    472
 1062665     1        1500    -540    3648   9802    472
 1062675     1        1510    -540    3744   9385    477
 1062685     1        1510    -540    3842   8927    483
 1062695     1        1510    -540    3905   8443    488
 1062705     1        1510    -540    3927   8008    522
 1062715     1        1510    -540    3921   7627    561
 1062725     1        1520    -560    3880   7283    600
 1062735     1        1520    -560    3815   7055    628
 1062745     1        1510    -560    3733   6848    637
 1062755     1        1500    -570    3614   6655    649
 1062765     1        1490    -580    3492   6507    656
 1062775     1        1470    -590    3367   6398    659
 1062785     1        1460    -600    3252   6314    622
 1062795     1        1440    -600    3157   6305    490
 1062805     1        1410    -610    3076   6359    139
 1062815     0        1400    -620    3076   6359      0
 1062825     0        1380    -630    3047   6646      0
 1062835     0        1370    -630    3087   6833      0
 1062845     0        1350    -630    3158   7016      0
 1062855     0        1350    -630    3230   7149      0
 1062865     0        1350    -630    3316   7250      0
 1062875     0        1350    -630    3410   7394      0
 1062885     0        1350    -630    3501   7537      0
 1062895     0        1350    -630    3655   7679      0
 1062905     0        1350    -630    3850   7821      0
 1062915     0        1350    -630    4087   7984      0
 1062925     0        1350    -620    4372   8160      0
 1062935     0        1350    -620    4688   8260      0
22537765     1        1350    -600    4688   8260    450
 1062938     1        1350    -600    4688   8260    742
 1062948     1        1350    -600    5291   8179    757
 1062958     1        1350    -600    5318   8158    767
 1062968     1        1350    -600    5344   8093    779
 1062978     1        1410    -600    5369   7914    785
 1062988     1        1460    -600    5435   7820    788
 1062998     1        1500    -580    5500   7783    753
 1063008     1        1560    -570    5564   7746    622
 1063018     1        1560    -570    5589   7719    394
 1063028     1        1570    -570    5602   7698     36
 1063038     0        1570    -570    5602   7698      0
 1063048     0        1570    -570    5607   7740      0
 1063058     0        1570    -580    5601   7841      0
 1063068     0        1570    -580    5583   7965      0
 1063078     0        1570    -580    5608   8183      0
 1063088     0        1570    -580    5653   8463      0
 1063098     0        1560    -590    5710   8718      0
 1063108     0        1550    -600    5803   8999      0
 1063118     0        1510    -610    5919   9297      0
 1063128     0        1480    -610    6050   9557      0
 1063138     0        1470    -620    6192   9727      0
 1063148     0        1460    -620    6345   9838      0
22538000     1        1460    -620    6345   9838     75
 1063173     1        1460    -620    6602   9894    477
 1063183     1        1460    -620    6621   9939    521
 1063193     1        1470    -610    6588  10012    535
 1063203     1        1480    -600    6578  10034    536
 1063213     1        1490    -590    6583  10022    539
 1063223     1        1500    -580    6616   9921    543
 1063233     1        1490    -580    6662   9744    546
 1063243     1        1500    -570    6682   9517    548
 1063253     1        1500    -570    6674   9220    554
 1063263     1        1500    -570    6648   8970    557
 1063273     1        1510    -560    6626   8752    561
 1063283     1        1520    -570    6583   8579    561
 1063293     1        1510    -580    6526   8451    567
 1063303     1        1510    -580    6487   8353    570
 1063313     1        1510    -580    6450   8299    561
 1063323     1        1500    -580    6416   8272    570
 1063333     1        1490    -590    6402   8264    594
 1063343     1        1480    -600    6402   8264    624
 1063353     1        1480    -600    6402   8264    645
 1063363     1        1470    -610    6402   8276    643
 1063373     1        1460    -620    6412   8290    649
 1063383     1        1460    -620    6443   8351    647
 1063393     1        1440    -620    6490   8455    655
 1063403     1        1440    -620    6559   8589    655
 1063413     1        1440    -620    6653   8727    656
 1063423     1        1440    -620    6764   8863    656
 1063433     1        1440    -620    6879   8999    658
 1063443     1        1440    -620    6969   9137    662
 1063453     1        1440    -620    7043   9206    662
 1063463     1        1440    -620    7078   9227    662
 1063473     1        1440    -620    7098   9215    661
 1063483     1        1440    -620    7108   9176    665
 1063493     1        1460    -620    7119   9098    667
 1063503     1        1460    -620    7135   8994    668
 1063513     1        1460    -620    7160   8887    673
 1063523     1        1470    -610    7197   8823    664
 1063533     1        1470    -610    7242   8787    670
 1063543     1        1470    -610    7305   8781    675
 1063553     1        1480    -610    7380   8797    676
 1063563     1        1500    -600    7444   8829    679
 1063573     1        1500    -600    7509   8886    679
 1063583     1        1500    -600    7573   8961    681
 1063593     1        1500    -600    7615   9047    681
 1063603     1        1500    -600    7643   9101    673
 1063613     1        1500    -600    7643   9110    670
 1063623     1        1500    -600    7632   9090    670
 1063633     1        1500    -600    7606   9039    673
 1063643     1        1500    -600    7572   8943    675
 1063653     1        1500    -600    7555   8818    675
 1063663     1        1500    -600    7550   8695    678
 1063673     1        1510    -610    7564   8603    679
 1063683     1        1510    -610    7623   8532    684
 1063693     1        1510    -610    7713   8488    684
 1063703     1        1510    -610    7837   8488    685
 1063713     1        1510    -610    7970   8516    687
 1063723     1        1510    -610    8109   8590    688
 1063733     1        1530    -610    8242   8698    687
 1063743     1        1520    -620    8374   8828    679
 1063753     1        1520    -620    8489   8996    664
 1063763     1        1520    -620    8593   9184    655
 1063773     1        1540    -630    8681   9386    643
 1063783     1        1540    -630    8770   9628    643
 1063793     1        1540    -630    8851   9826    641
 1063803     1        1550    -630    8926   9995    638
 1063813     1        1550    -630    8964  10099    637
 1063823     1        1560    -620    8982  10144    637
 1063833     1        1580    -620    8982  10149    647
 1063843     1        1580    -620    8987  10149    645
 1063853     1        1610    -620    8987  10137    644
 1063863     1        1610    -620    9001  10074    641
 1063873     1        1610    -620    9020   9978    639
 1063883     1        1630    -620    9020   9836    641
 1063893     1        1630    -610    8989   9635    636
 1063903     1        1630    -610    8935   9395    639
 1063913     1        1630    -610    8834   9164    644
 1063923     1        1630    -610    8727   8931    643
 1063933     1        1640    -600    8615   8751    652
 1063943     1        1630    -610    8534   8607    659
 1063953     1        1630    -610    8489   8541    668
 1063963     1        1630    -610    8469   8519    678
 1063973     1        1630    -620    8469   8526    702
 1063983     1        1630    -620    8475   8531    690
 1063993     1        1630    -620    8485   8600    690
 1064003     1        1620    -630    8523   8712    694
 1064013     1        1620    -630    8579   8876    694
 1064023     1        1600    -630    8650   8994    696
 1064033     1        1590    -640    8709   9081    696
 1064043     1        1590    -640    8760   9070    697
 1064053     1        1570    -630    8826   8993    697
 1064063     1        1570    -630    8897   8872    697
 1064073     1        1570    -630    8974   8722    699
 1064083     1        1570    -630    9043   8588    702
 1064093     1        1560    -640    9106   8466    700
 1064103     1        1560    -640    9176   8394    705
 1064113     1        1560    -640    9245   8378    710
 1064123     1        1550    -650    9315   8400    690
 1064133     1        1550    -650    9385   8463    665
 1064143     1        1570    -650    9452   8560    603
 1064153     1        1570    -650    9522   8681    504
 1064163     1        1570    -650    9597   8864    431
 1064173     1        1570    -650    9688   9082    402
 1064183     1        1570    -650    9790   9324    388
 1064193     1        1600    -660    9899   9564    394
 1064203     1        1600    -660   10008   9787    389
 1064213     1        1600    -660   10112   9963    415
 1064223     1        1620    -660   10196  10113    438
 1064233     1        1620    -660   10269  10211    474
 1064243     1        1620    -650   10312  10255    483
 1064253     1        1650    -650   10336  10264    495
 1064263     1        1650    -650   10347  10239    496
 1064273     1        1650    -640   10377  10138    522
 1064283     1        1680    -630   10403   9987    559
 1064293     1        1680    -630   10403   9756    584
 1064303     1        1680    -630   10392   9490    603
 1064313     1        1700    -640   10347   9201    613
 1064323     1        1700    -640   10289   8976    613
 1064333     1        1700    -640   10223   8811    625
 1064343     1        1720    -640   10164   8686    639
 1064353     1        1720    -630   10126   8627    643
 1064363     1        1720    -640   10103   8608    673
 1064373     1        1720    -640   10103   8615    699
 1064383     1        1720    -640   10103   8615    705
 1064393     1        1710    -650   10103   8664    702
 1064403     1        1710    -650   10103   8737    697
 1064413     1        1710    -650   10135   8875    699
 1064423     1        1690    -660   10188   8985    697
 1064433     1        1690    -660   10244   9077    697
 1064443     1        1690    -660   10300   9108    699
 1064453     1        1690    -660   10355   9095    697
 1064463     1        1690    -660   10414   9054    697
 1064473     1        1670    -650   10477   8963    699
 1064483     1        1670    -650   10526   8857    697
 1064493     1        1670    -650   10567   8740    702
 1064503     1        1670    -650   10615   8668    705
 1064513     1        1670    -650   10668   8639    710
 1064523     1        1650    -650   10731   8639    713
 1064533     1        1650    -650   10806   8662    711
 1064543     1        1650    -650   10891   8715    717
 1064553     1        1650    -650   10986   8787    716
 1064563     1        1640    -660   11089   8895    717
 1064573     1        1640    -660   11167   9013    717
 1064583     1        1660    -660   11228   9138    717
 1064593     1        1660    -660   11264   9233    708
 1064603     1        1660    -660   11272   9275    705
 1064613     1        1660    -660   11260   9282    707
 1064623     1        1680    -670   11211   9265    705
 1064633     1        1680    -670   11149   9170    710
 1064643     1        1680    -670   11079   9023    708
 1064653     1        1680    -670   11024   8802    711
 1064663     1        1710    -670   11018   8615    724
 1064673     1        1710    -670   11044   8452    730
 1064683     1        1700    -680   11140   8356    721
 1064693     1        1700    -680   11255   8326    728
 1064703     1        1730    -680   11382   8341    728
 1064713     1        1720    -690   11512   8393    731
 1064723     1        1720    -690   11642   8448    733
 1064733     1        1720    -690   11749   8505    733
 1064743     1        1720    -690   11840   8530    700
 1064753     1        1720    -690   11920   8551    515
 1064763     1        1720    -690   11997   8566    144
 1064773     0        1700    -690   11997   8566      0
 1064783     0        1700    -690   12152   8618      0
 1064793     0        1700    -690   12206   8667      0
 1064803     0        1700    -690   12241   8755      0
 1064813     0        1700    -690   12278   8839      0
 1064823     0        1700    -690   12310   8920      0
 1064833     0        1700    -690   12339   9044      0
 1064843     0        1700    -690   12371   9148      0
 1064853     0        1700    -690   12405   9240      0
 1064863     0        1700    -690   12447   9296      0
 1064873     0        1700    -690   12495   9349      0
 1064883     0        1700    -690   12545   9396      0
 1064893     0        1700    -690   12602   9447      0
 1064903     0        1700    -690   12640   9486      0
 1064913     0        1700    -690   12665   9516      0
 1064923     0        1700    -690   12694   9506      0
 1064933     0        1700    -680   12724   9475      0
 1064943     0        1710    -670   12783   9429      0
 1064953     0        1690    -660   12861   9358      0
 1064963     0        1700    -640   12994   9285      0
 1064973     0        1700    -630   13141   9196      0
 1064983     0        1680    -630   13298   9099      0
 1064993     0        1670    -610   13434   9033      0
 1065003     0        1660    -600   13544   9008      0
 1065013     0        1660    -590   13636   9008      0
 1065023     0        1670    -580   13689   9002      0
 1065033     0        1650    -580   13736   9018      0
 1065043     0        1660    -570   13779   9050      0
 1065053     0        1660    -570   13815   9085      0
 1065063     0        1680    -560   13857   9105      0
 1065073     0        1680    -550   13896   9116      0
 1065083     0        1700    -550   13932   9136      0
 1065093     0        1720    -540   13981   9131      0
 1065103     0        1720    -540   14035   9109      0
 1065113     0        1720    -530   14116   9056      0
 1065123     0        1720    -530   14214   8980      0
22539953     1        1720    -530   14214   8980    562
 1065126     1        1720    -530   14214   8980    768
 1065136     1        1720    -530   14429   8806    793
 1065146     1        1720    -530   14392   8919    783
 1065156     1        1720    -530   14346   8919    794
 1065166     1        1720    -530   14295   8907    802
 1065176     1        1720    -530   14295   8907    812
 1065186     1        1720    -530   14295   8912    817
 1065196     1        1720    -520   14320   8925    760
 1065206     1        1760    -520   14366   8970    634
 1065216     1        1800    -520   14407   9036    314
 1065226     0        1830    -530   14407   9036      0
 1065236     0        1850    -540   14494   9061      0
 1065246     0        1850    -540   14467   9061      0
 1065256     0        1850    -540   14361   9061      0
 1065266     0        1850    -540   14201   9054      0
 1065276     0        1850    -540   13979   9047      0
 1065286     0        1850    -540   13764   9039      0
 1065296     0        1850    -540   13554   9039      0
 1065306     0        1850    -540   13339   9034      0
 1065316     0        1850    -540   13014   9034      0
 1065326     0        1850    -540   12615   9023      0
 1065336     0        1850    -540   12615   9006      0
 1065346     0        1850    -540   12356   8916      0
 1065356     0        1850    -540   12356   8916      0
 1065626     0           0    -900    1573   6271      0
 1065636     0        1350    -820    1573   6271      0
 1065646     0        1350    -730    1573   6271      0
 1065656     0        1350    -650    1563   6271      0
 1065666     0        1350    -580    1545   6271      0
 1065676     0        1350    -580    1537   6319      0
 1065686     0        1350    -580    1552   6384      0
 1065696     0        1350    -580    1583   6458      0
 1065706     0        1350    -580    1617   6531      0
 1065716     0        1350    -580    1642   6600      0
 1065726     0        1350    -580    1662   6661      0
 1065736     0        1350    -580    1662   6713      0
 1065746     0        1350    -580    1629   6757      0
 1065756     0        1350    -580    1582   6804      0
 1065766     0        1350    -580    1533   6853      0
 1065776     0        1350    -570    1487   6861      0
 1065786     0        1350    -570    1450   6867      0
 1065796     0        1350    -550    1432   6867      0
 1065806     0        1350    -550    1425   6867      0
 1065816     0        1350    -540    1430   6821      0
 1065826     0        1350    -540    1435   6756      0
 1065836     0        1350    -530    1441   6756      0
 1065846     0        1360    -520    1457   6712      0
 1065856     0        1350    -520    1476   6644      0
 1065866     0        1360    -510    1497   6614      0
 1065876     0        1360    -510    1497   6597      0
 1065886     0        1360    -500    1497   6590      0
 1065896     0        1360    -500    1503   6590      0
 1065906     0        1360    -500    1498   6590      0
22540750     1        1360    -490    1498   6590     96
 1065923     1        1360    -490    1498   6590    240
 1065933     1        1360    -490    1498   6590    255
 1065943     1        1360    -490    1441   6656    269
 1065953     1        1360    -490    1413   6685    284
 1065963     1        1350    -490    1364   6714    277
 1065973     1        1350    -490    1302   6744    279
 1065983     1        1350    -490    1217   6744    284
 1065993     1        1340    -480    1106   6696    289
 1066003     1        1340    -480     977   6611    292
 1066013     1        1340    -480     860   6443    294
 1066023     1        1330    -470     760   6186    304
 1066033     1        1330    -470     672   5871    311
 1066043     1        1330    -470     617   5512    317
 1066053     1        1330    -470     589   5162    310
 1066063     1        1310    -470     579   4817    319
 1066073     1        1310    -470     609   4533    330
 1066083     1        1310    -470     641   4360    334
 1066093     1        1310    -470     681   4261    354
 1066103     1        1300    -480     729   4240    368
 1066113     1        1300    -480     794   4276    364
 1066123     1        1280    -480     869   4350    366
 1066133     1        1270    -490     946   4474    371
 1066143     1        1270    -490    1013   4626    374
 1066153     1        1260    -490    1073   4796    374
 1066163     1        1260    -490    1104   4953    374
 1066173     1        1250    -500    1122   5042    379
 1066183     1        1250    -500    1130   5087    377
 1066193     1        1240    -500    1130   5087    382
 1066203     1        1240    -500    1130   5080    386
 1066213     1        1240    -500    1138   5011    384
 1066223     1        1240    -500    1160   4900    391
 1066233     1        1240    -490    1187   4719    393
 1066243     1        1240    -490    1225   4509    394
 1066253     1        1230    -490    1270   4279    388
 1066263     1        1240    -500    1335   4076    392
 1066273     1        1240    -500    1412   3955    404
 1066283     1        1240    -500    1490   3890    412
 1066293     1        1230    -510    1576   3909    410
 1066303     1        1230    -510    1669   4016    394
 1066313     1        1240    -520    1756   4182    377
 1066323     1        1240    -520    1818   4405    367
 1066333     1        1250    -530    1867   4628    367
 1066343     1        1270    -530    1898   4854    364
 1066353     1        1270    -530    1929   5087    362
 1066363     1        1280    -540    1962   5281    364
 1066373     1        1280    -540    1986   5451    367
 1066383     1        1290    -550    2005   5506    366
 1066393     1        1290    -550    2005   5514    366
 1066403     1        1300    -550    2000   5492    371
 1066413     1        1300    -550    2000   5426    374
 1066423     1        1310    -560    1985   5294    386
 1066433     1        1320    -550    1976   5117    396
 1066443     1        1320    -550    1967   4908    414
 1066453     1        1320    -550    1977   4695    438
 1066463     1        1340    -550    2005   4479    450
 1066473     1        1340    -550    2045   4349    474
 1066483     1        1340    -550    2088   4298    488
 1066493     1        1340    -550    2140   4298    499
 1066503     1        1340    -550    2215   4344    522
 1066513     1        1340    -550    2302   4457    533
 1066523     1        1340    -550    2387   4618    546
 1066533     1        1320    -550    2451   4820    557
 1066543     1        1320    -550    2502   5021    561
 1066553     1        1320    -550    2515   5221    570
 1066563     1        1320    -550    2487   5411    560
 1066573     1        1320    -550    2431   5533    564
 1066583     1        1320    -550    2357   5610    566
 1066593     1        1320    -550    2271   5628    567
 1066603     1        1320    -550    2178   5599    567
 1066613     1        1340    -550    2077   5539    569
 1066623     1        1340    -550    2014   5472    569
 1066633     1        1340    -550    1977   5432    570
 1066643     1        1350    -540    1988   5410    575
 1066653     1        1350    -540    2058   5400    574
 1066663     1        1350    -540    2168   5427    567
 1066673     1        1360    -540    2304   5479    564
 1066683     1        1360    -540    2458   5538    560
 1066693     1        1370    -530    2623   5592    570
 1066703     1        1370    -530    2763   5586    568
 1066713     1        1370    -530    2867   5543    568
 1066723     1        1390    -520    2946   5441    570
 1066733     1        1390    -520    3008   5295    568
 1066743     1        1370    -530    3044   5119    568
 1066753     1        1370    -530    3063   4947    560
 1066763     1        1370    -530    3070   4830    566
 1066773     1        1370    -540    3079   4749    575
 1066783     1        1370    -540    3091   4749    586
 1066793     1        1360    -550    3130   4769    594
 1066803     1        1360    -550    3185   4806    585
 1066813     1        1360    -550    3250   4893    603
 1066823     1        1350    -550    3316   5009    620
 1066833     1        1350    -550    3366   5145    617
 1066843     1        1350    -550    3404   5282    627
 1066853     1        1340    -560    3409   5419    633
 1066863     1        1340    -560    3384   5523    638
 1066873     1        1340    -560    3339   5606    636
 1066883     1        1340    -560    3284   5649    638
 1066893     1        1340    -560    3225   5662    619
 1066903     1        1340    -560    3164   5656    551
 1066913     1        1350    -550    3124   5636    453
 1066923     1        1350    -550    3138   5595    374
 1066933     1        1350    -550    3189   5541    324
 1066943     1        1360    -550    3289   5463    304
 1066953     1        1360    -550    3415   5378    276
 1066963     1        1360    -550    3558   5289    282
 1066973     1        1360    -550    3713   5248    274
 1066983     1        1370    -540    3830   5239    272
 1066993     1        1370    -540    3921   5251    279
 1067003     1        1370    -540    3983   5257    282
 1067013     1        1390    -550    4012   5263    284
 1067023     1        1380    -550    4019   5263    349
 1067033     1        1380    -550    4019   5263    367
 1067043     1        1380    -550    3980   5258    377
 1067053     1        1380    -550    3916   5233    384
 1067063     1        1360    -560    3833   5196    396
 1067073     1        1360    -560    3750   5132    415
 1067083     1        1360    -560    3687   5045    438
 1067093     1        1350    -570    3638   4942    445
 1067103     1        1350    -570    3622   4805    461
 1067113     1        1350    -570    3633   4680    473
 1067123     1        1350    -570    3661   4562    470
 1067133     1        1350    -570    3717   4497    490
 1067143     1        1350    -570    3775   4478    489
 1067153     1        1350    -570    3840   4491    496
 1067163     1        1350    -570    3922   4571    499
 1067173     1        1350    -570    4014   4720    502
 1067183     1        1350    -570    4111   4915    504
 1067193     1        1360    -570    4207   5122    502
 1067203     1        1360    -570    4283   5361    502
 1067213     1        1360    -570    4347   5621    502
 1067223     1        1360    -570    4399   5910    509
 1067233     1        1360    -570    4444   6197    507
 1067243     1        1360    -570    4484   6477    512
 1067253     1        1380    -570    4515   6651    517
 1067263     1        1390    -570    4531   6756    520
 1067273     1        1400    -560    4537   6776    520
 1067283     1        1410    -560    4537   6776    520
 1067293     1        1410    -560    4537   6765    512
 1067303     1        1410    -560    4521   6692    512
 1067313     1        1430    -550    4501   6500    516
 1067323     1        1430    -550    4489   6229    524
 1067333     1        1440    -540    4483   5873    541
 1067343     1        1440    -540    4483   5496    554
 1067353     1        1450    -540    4473   5106    572
 1067363     1        1440    -540    4496   4870    591
 1067373     1        1440    -540    4523   4716    617
 1067383     1        1440    -540    4556   4617    625
 1067393     1        1430    -550    4592   4556    638
 1067403     1        1430    -550    4629   4515    638
 1067413     1        1410    -560    4658   4488    649
 1067423     1        1410    -560    4681   4475    667
 1067433     1        1400    -560    4698   4468    675
 1067443     1        1390    -570    4707   4468    690
 1067453     1        1390    -570    4707   4468    722
 1067463     1        1380    -580    4712   4468    742
 1067473     1        1360    -580    4712   4468    750
 1067483     1        1350    -580    4712   4468    759
 1067493     1        1340    -580    4712   4468    770
 1067503     1        1340    -580    4712   4468    767
 1067513     1        1350    -590    4724   4501    497
 1067523     0        1350    -590    4724   4501      0
 1067533     0        1350    -590    4854   4721      0
 1067543     0        1350    -590    4908   4915      0
 1067553     0        1350    -590    4957   5133      0
 1067563     0        1350    -590    5003   5353      0
 1067573     0        1350    -590    5089   5499      0
 1067583     0        1350    -590    5217   5597      0
 1067593     0        1350    -590    5373   5713      0
 1067603     0        1350    -590    5800   5853      0
 1067613     0        1350    -590    5800   5853      0
 1067751     0           0    -900    7493   5432      0
 1067761     0        1710    -840    7493   5432      0
 1067771     0        1660    -780    7493   5432      0
 1067781     0        1650    -710    7459   5406      0
 1067791     0        1650    -650    7403   5362      0
 1067801     0        1650    -650    7354   5340      0
 1067811     0        1650    -650    7288   5326      0
 1067821     0        1650    -650    7211   5317      0
 1067831     0        1650    -650    7151   5333      0
 1067841     0        1650    -650    7095   5372      0
 1067851     0        1650    -650    7065   5426      0
 1067861     0        1650    -650    7050   5481      0
 1067871     0        1620    -650    7065   5522      0
 1067881     0        1600    -650    7086   5554      0
 1067891     0        1580    -640    7118   5554      0
 1067901     0        1570    -630    7143   5535      0
22542750     1        1550    -630    7143   5535      3
 1067923     1        1550    -620    7143   5535    209
 1067933     1        1530    -610    7094   5547    254
 1067943     1        1510    -610    7082   5623    289
 1067953     1        1510    -600    7067   5660    317
 1067963     1        1490    -590    7055   5701    319
 1067973     1        1490    -580    7050   5745    325
 1067983     1        1480    -570    7050   5809    340
 1067993     1        1480    -570    7036   5873    344
 1068003     1        1480    -560    7019   5910    349
 1068013     1        1460    -550    6982   5930    356
 1068023     1        1460    -550    6916   5922    356
 1068033     1        1460    -540    6830   5870    358
 1068043     1        1470    -550    6719   5789    371
 1068053     1        1470    -550    6632   5665    369
 1068063     1        1470    -550    6562   5494    396
 1068073     1        1470    -550    6526   5292    415
 1068083     1        1470    -550    6526   5106    420
 1068093     1        1470    -550    6538   4976    438
 1068103     1        1460    -550    6578   4884    445
 1068113     1        1450    -550    6645   4867    455
 1068123     1        1450    -550    6731   4899    465
 1068133     1        1440    -560    6840   4964    468
 1068143     1        1440    -560    6937   5076    468
 1068153     1        1440    -560    7027   5215    466
 1068163     1        1440    -560    7096   5372    471
 1068173     1        1440    -560    7128   5485    471
 1068183     1        1440    -560    7136   5550    464
 1068193     1        1430    -560    7136   5583    467
 1068203     1        1430    -560    7130   5576    472
 1068213     1        1430    -560    7130   5520    477
 1068223     1        1430    -560    7154   5432    481
 1068233     1        1440    -570    7199   5325    486
 1068243     1        1440    -570    7266   5213    493
 1068253     1        1440    -570    7345   5142    489
 1068263     1        1450    -560    7431   5100    499
 1068273     1        1440    -570    7521   5094    502
 1068283     1        1440    -570    7613   5137    509
 1068293     1        1440    -570    7711   5213    512
 1068303     1        1440    -570    7808   5348    514
 1068313     1        1440    -570    7903   5508    515
 1068323     1        1460    -570    7969   5684    520
 1068333     1        1460    -570    8016   5894    522
 1068343     1        1460    -570    8049   6111    520
 1068353     1        1460    -570    8066   6332    520
 1068363     1        1470    -580    8066   6519    516
 1068373     1        1470    -580    8066   6641    530
 1068383     1        1470    -580    8057   6720    540
 1068393     1        1490    -580    8052   6744    544
 1068403     1        1500    -570    8052   6750    537
 1068413     1        1510    -580    8052   6743    543
 1068423     1        1510    -580    8052   6691    548
 1068433     1        1540    -570    8057   6529    548
 1068443     1        1540    -570    8057   6294    559
 1068453     1        1560    -570    8057   5978    570
 1068463     1        1560    -570    8050   5607    574
 1068473     1        1560    -570    8050   5199    592
 1068483     1        1560    -570    8033   4876    609
 1068493     1        1560    -570    8013   4583    619
 1068503     1        1550    -580    7984   4311    633
 1068513     1        1550    -580    7948   4073    645
 1068523     1        1540    -580    7907   3881    636
 1068533     1        1530    -590    7847   3719    641
 1068543     1        1520    -590    7777   3535    646
 1068553     1        1490    -590    7700   3374    634
 1068563     1        1480    -600    7625   3228    546
 1068573     1        1450    -600    7551   3129    391
 1068583     1        1430    -620    7494   3084    134
 1068593     0        1400    -620    7494   3084      0
 1068603     0        1380    -630    7404   3137      0
 1068613     0        1350    -630    7354   3262      0
 1068623     0        1330    -630    7300   3431      0
 1068633     0        1300    -630    7270   3631      0
 1068643     0        1300    -630    7254   3869      0
 1068653     0        1300    -630    7305   4132      0
22543500     1        1290    -630    7305   4132    334
 1068673     1        1290    -630    7490   4626    415
 1068683     1        1290    -630    7530   4789    483
 1068693     1        1290    -610    7563   4886    513
 1068703     1        1290    -610    7591   4936    543
 1068713     1        1290    -610    7644   4956    565
 1068723     1        1310    -610    7751   4998    560
 1068733     1        1320    -610    7893   5051    569
 1068743     1        1340    -610    8064   5112    572
 1068753     1        1350    -600    8247   5170    483
 1068763     1        1380    -600    8439   5225    119
 1068773     0        1380    -600    8439   5225      0
 1068783     0        1410    -600    8642   5258      0
 1068793     0        1410    -600    8650   5277      0
 1068803     0        1420    -610    8588   5309      0
 1068813     0        1440    -600    8512   5350      0
 1068823     0        1450    -600    8427   5392      0
 1068833     0        1450    -600    8406   5448      0
 1068843     0        1460    -600    8393   5513      0
22543687     1        1480    -600    8393   5513    344
 1068860     1        1480    -600    8521   5530    520
 1068870     1        1480    -600    8543   5507    537
 1068880     1        1490    -590    8489   5507    556
 1068890     1        1490    -590    8500   5507    570
 1068900     1        1510    -600    8551   5491    572
 1068910     1        1520    -590    8629   5505    583
 1068920     1        1520    -590    8745   5548    594
 1068930     1        1520    -590    8885   5610    595
 1068940     1        1530    -580    9041   5702    589
 1068950     1        1530    -580    9177   5791    591
 1068960     1        1530    -580    9292   5878    592
 1068970     1        1540    -580    9393   5950    574
 1068980     1        1540    -580    9451   6020    537
 1068990     1        1540    -580    9461   6089    488
 1069000     1        1560    -590    9438   6163    470
 1069010     1        1560    -590    9379   6238    463
 1069020     1        1570    -590    9297   6289    455
 1069030     1        1570    -590    9199   6289    455
 1069040     1        1570    -590    9100   6247    461
 1069050     1        1590    -590    9026   6137    461
 1069060     1        1590    -590    8969   5969    463
 1069070     1        1590    -590    8933   5762    464
 1069080     1        1590    -590    8927   5560    478
 1069090     1        1590    -590    8940   5391    489
 1069100     1        1590    -590    8985   5244    520
 1069110     1        1580    -600    9057   5185    540
 1069120     1        1580    -600    9146   5154    543
 1069130     1        1580    -600    9251   5141    546
 1069140     1        1570    -610    9381   5161    556
 1069150     1        1570    -610    9528   5214    556
 1069160     1        1570    -610    9661   5288    556
 1069170     1        1570    -610    9779   5402    554
 1069180     1        1570    -610    9887   5523    554
 1069190     1        1570    -610    9956   5650    540
 1069200     1        1570    -610    9974   5772    541
 1069210     1        1570    -610    9958   5844    533
 1069220     1        1560    -620    9892   5884    533
 1069230     1        1580    -620    9802   5856    541
 1069240     1        1580    -620    9697   5783    537
 1069250     1        1580    -620    9635   5680    551
 1069260     1        1580    -620    9613   5552    565
 1069270     1        1580    -620    9613   5418    570
 1069280     1        1590    -610    9664   5279    584
 1069290     1        1590    -610    9756   5196    594
 1069300     1        1590    -610    9878   5153    585
 1069310     1        1590    -610   10020   5137    591
 1069320     1        1610    -620   10148   5158    592
 1069330     1        1610    -620   10267   5212    592
 1069340     1        1600    -630   10375   5288    591
 1069350     1        1600    -630   10469   5395    592
 1069360     1        1600    -630   10553   5527    554
 1069370     1        1620    -630   10613   5675    537
 1069380     1        1620    -630   10663   5842    535
 1069390     1        1620    -630   10707   6003    533
 1069400     1        1620    -630   10745   6095    546
 1069410     1        1620    -630   10771   6143    539
 1069420     1        1640    -630   10790   6143    543
 1069430     1        1640    -630   10831   6116    546
 1069440     1        1640    -630   10873   6066    556
 1069450     1        1660    -630   10916   5969    557
 1069460     1        1680    -630   10937   5848    559
 1069470     1        1680    -630   10944   5711    557
 1069480     1        1680    -630   10926   5596    562
 1069490     1        1700    -630   10899   5513    568
 1069500     1        1700    -630   10867   5452    589
 1069510     1        1710    -620   10849   5426    633
 1069520     1        1710    -620   10844   5420    697
 1069530     1        1710    -620   10844   5428    730
 1069540     1        1710    -610   10854   5443    730
 1069550     1        1710    -610   10900   5531    733
 1069560     1        1730    -620   10973   5667    737
 1069570     1        1730    -620   11110   5862    731
 1069580     1        1730    -620   11249   6056    662
 1069590     1        1730    -620   11390   6192    564
 1069600     1        1730    -620   11505   6290    465
 1069610     1        1740    -630   11603   6337    391
 1069620     1        1740    -630   11661   6345    294
 1069630     1        1740    -630   11689   6328    239
 1069640     1        1740    -630   11697   6291    219
 1069650     1        1740    -630   11697   6258    211
 1069660     1        1740    -630   11689   6227    214
 1069670     1        1740    -630   11684   6208    223
 1069680     1        1740    -630   11689   6188    253
 1069690     1        1740    -630   11698   6173    281
 1069700     1        1740    -630   11713   6162    327
 1069710     1        1740    -630   11732   6167    369
 1069720     1        1740    -630   11759   6173    400
 1069730     1        1740    -630   11785   6173    427
 1069740     1        1740    -630   11809   6173    460
 1069750     1        1740    -630   11837   6139    517
 1069760     1        1740    -630   11863   6077    570
 1069770     1        1740    -630   11863   5948    591
 1069780     1        1720    -630   11858   5792    620
 1069790     1        1720    -630   11830   5618    634
 1069800     1        1720    -630   11792   5469    647
 1069810     1        1720    -630   11746   5341    673
 1069820     1        1720    -630   11705   5227    678
 1069830     1        1720    -640   11669   5156    687
 1069840     1        1720    -640   11640   5115    694
 1069850     1        1720    -640   11631   5093    702
 1069860     1        1710    -650   11631   5093    730
 1069870     1        1710    -650   11638   5110    722
 1069880     1        1710    -650   11647   5135    730
 1069890     1        1710    -650   11678   5229    728
 1069900     1        1710    -650   11722   5381    731
 1069910     1        1710    -650   11781   5573    733
 1069920     1        1710    -650   11855   5753    733
 1069930     1        1710    -650   11940   5929    733
 1069940     1        1710    -650   12015   6041    731
 1069950     1        1710    -660   12064   6112    736
 1069960     1        1710    -660   12096   6127    737
 1069970     1        1710    -660   12132   6107    736
 1069980     1        1710    -660   12168   6064    739
 1069990     1        1710    -660   12202   5966    742
 1070000     1        1710    -650   12221   5840    742
 1070010     1        1710    -650   12232   5696    742
 1070020     1        1720    -640   12239   5570    743
 1070030     1        1720    -640   12246   5474    742
 1070040     1        1740    -630   12252   5397    746
 1070050     1        1740    -630   12264   5351    749
 1070060     1        1740    -630   12276   5329    752
 1070070     1        1740    -620   12290   5323    761
 1070080     1        1740    -620   12303   5323    754
 1070090     1        1740    -620   12342   5345    753
 1070100     1        1740    -620   12397   5382    757
 1070110     1        1740    -620   12493   5480    754
 1070120     1        1740    -620   12600   5616    751
 1070130     1        1740    -620   12715   5777    740
 1070140     1        1740    -630   12810   5942    736
 1070150     1        1740    -630   12868   6048    728
 1070160     1        1740    -630   12901   6114    721
 1070170     1        1740    -630   12901   6120    720
 1070180     1        1740    -630   12901   6120    730
 1070190     1        1740    -630   12901   6120    731
 1070200     1        1740    -630   12888   6057    730
 1070210     1        1740    -630   12863   5958    733
 1070220     1        1740    -630   12831   5813    733
 1070230     1        1740    -630   12803   5667    720
 1070240     1        1760    -630   12798   5560    721
 1070250     1        1760    -630   12807   5479    728
 1070260     1        1760    -630   12831   5439    736
 1070270     1        1760    -630   12859   5417    749
 1070280     1        1760    -630   12893   5407    763
 1070290     1        1760    -630   12935   5407    753
 1070300     1        1760    -630   12984   5415    756
 1070310     1        1760    -630   13039   5423    760
 1070320     1        1760    -630   13093   5441    763
 1070330     1        1760    -630   13133   5466    767
 1070340     1        1760    -630   13164   5496    771
 1070350     1        1760    -630   13194   5556    771
 1070360     1        1760    -630   13219   5639    771
 1070370     1        1780    -630   13241   5738    768
 1070380     1        1780    -630   13241   5868    759
 1070390     1        1780    -630   13222   5990    757
 1070400     1        1780    -630   13184   6107    753
 1070410     1        1780    -630   13126   6161    763
 1070420     1        1780    -640   13055   6186    763
 1070430     1        1780    -640   12976   6193    750
 1070440     1        1800    -640   12925   6183    753
 1070450     1        1800    -640   12892   6171    753
 1070460     1        1800    -640   12871   6155    753
 1070470     1        1800    -640   12871   6144    753
 1070480     1        1800    -640   12871   6136    754
 1070490     1        1800    -640   12890   6122    727
 1070500     1        1800    -640   12927   6117    716
 1070510     1        1780    -640   12991   6117    702
 1070520     1        1780    -640   13060   6125    699
 1070530     1        1780    -640   13134   6130    696
 1070540     1        1780    -640   13182   6118    702
 1070550     1        1780    -640   13213   6095    702
 1070560     1        1780    -640   13235   6063    697
 1070570     1        1780    -640   13253   6029    699
 1070580     1        1780    -640   13267   5989    699
 1070590     1        1780    -640   13279   5948    697
 1070600     1        1780    -640   13293   5905    699
 1070610     1        1780    -640   13307   5859    699
 1070620     1        1780    -640   13330   5793    700
 1070630     1        1780    -630   13355   5723    691
 1070640     1        1800    -630   13387   5657    696
 1070650     1        1800    -630   13425   5596    702
 1070660     1        1800    -630   13457   5560    711
 1070670     1        1800    -630   13484   5545    720
 1070680     1        1800    -630   13500   5545    736
 1070690     1        1800    -630   13520   5552    751
 1070700     1        1800    -630   13544   5574    752
 1070710     1        1800    -630   13572   5607    757
 1070720     1        1800    -630   13600   5656    758
 1070730     1        1800    -630   13628   5726    758
 1070740     1        1800    -630   13644   5811    760
 1070750     1        1800    -630   13653   5893    761
 1070760     1        1800    -630   13653   5946    760
 1070770     1        1800    -630   13641   5981    761
 1070780     1        1800    -630   13628   6009    761
 1070790     1        1800    -630   13613   6035    760
 1070800     1        1800    -630   13598   6056    761
 1070810     1        1800    -630   13586   6076    760
 1070820     1        1800    -640   13579   6091    750
 1070830     1        1800    -640   13579   6099    754
 1070840     1        1800    -640   13579   6099    754
 1070850     1        1800    -640   13579   6099    754
 1070860     1        1800    -640   13618   6099    754
 1070870     1        1800    -640   13678   6099    750
 1070880     1        1800    -640   13734   6081    763
 1070890     1        1800    -640   13791   6037    763
 1070900     1        1800    -640   13832   5976    761
 1070910     1        1800    -640   13861   5880    761
 1070920     1        1800    -640   13861   5784    760
 1070930     1        1800    -640   13844   5689    761
 1070940     1        1800    -640   13815   5617    760
 1070950     1        1800    -640   13793   5559    761
 1070960     1        1800    -640   13774   5531    761
 1070970     1        1800    -640   13769   5524    763
 1070980     1        1800    -640   13769   5530    753
 1070990     1        1780    -640   13769   5530    756
 1071000     1        1780    -630   13802   5572    754
 1071010     1        1780    -630   13853   5634    753
 1071020     1        1780    -630   13914   5700    750
 1071030     1        1780    -630   13966   5728    761
 1071040     1        1780    -630   14000   5728    760
 1071050     1        1780    -630   14024   5707    761
 1071060     1        1780    -630   14058   5659    760
 1071070     1        1780    -630   14092   5597    760
 1071080     1        1780    -630   14127   5543    760
 1071090     1        1780    -630   14152   5507    750
 1071100     1        1780    -630   14171   5482    753
 1071110     1        1780    -630   14177   5482    753
 1071120     1        1780    -630   14177   5482    753
 1071130     1        1780    -630   14177   5482    752
 1071140     1        1780    -630   14186   5547    742
 1071150     1        1780    -630   14196   5628    730
 1071160     1        1800    -630   14207   5721    727
 1071170     1        1800    -630   14241   5832    728
 1071180     1        1800    -630   14274   5893    728
 1071190     1        1800    -630   14311   5920    728
 1071200     1        1800    -630   14354   5896    728
 1071210     1        1800    -630   14414   5839    730
 1071220     1        1800    -630   14478   5760    728
 1071230     1        1800    -630   14528   5671    733
 1071240     1        1800    -630   14569   5581    731
 1071250     1        1820    -630   14593   5506    736
 1071260     1        1820    -630   14611   5443    736
 1071270     1        1820    -630   14620   5400    739
 1071280     1        1820    -630   14628   5368    739
 1071290     1        1820    -630   14637   5344    720
 1071300     1        1820    -640   14643   5318    585
 1071310     1        1820    -640   14643   5294    307
 1071320     1        1800    -640   14696   5271     36
 1071330     0        1800    -640   14696   5271      0
 1071340     0        1800    -650   14848   5246      0
 1071350     0        1800    -650   14937   5246      0
22546171     1        1800    -650   14937   5246    312
 1071344     1        1800    -660   14937   5246    521
 1071354     1        1800    -660   15158   5126    594
 1071364     1        1800    -660   15158   5115    636
 1071374     1        1800    -670   15172   5102    697
 1071384     1        1800    -670   15185   5086    722
 1071394     1        1800    -680   15199   5077    748
 1071404     1        1800    -680   15199   5072    761
 1071414     1        1820    -680   15199   5072    754
 1071424     1        1830    -690   15199   5072    761
 1071434     1        1830    -690   15199   5072    625
 1071444     1        1830    -690   15199   5072     34
 1071454     0        1850    -690   15199   5072      0
 1071464     0        1850    -690   15123   5095      0
 1071474     0        1850    -690   15081   5193      0
 1071484     0        1850    -690   15081   5332      0
 1071494     0        1850    -690   15114   5499      0
 1071504     0        1850    -690   15211   5616      0
 1071514     0        1850    -690   15306   5700      0
 1071524     0        1850    -690   15400   5761      0
 1071534     0        1850    -690   15464   5822      0
 1071544     0        1850    -690   15536   5879      0
 1071554     0        1850    -690   15536   5879      0
End of data
